name,fuel,status,status_as_of,cod,province,capacity_mwe,confidence,source_1,source_2,note
Nhiệt điện Phả Lại 1,Coal,Operating,2023,1983–1986,Hải Dương,440.0,HIGH,"EVN Annual Report 2022; PDP VII Revised (Decision 428/QD-TTg, 2016)",GEM Global Coal Plant Tracker 2023,Units commissioned 1983–1986; oldest major coal plant in Vietnam; rehabilitation completed ~2000s. Gross/net unspecified.
Nhiệt điện Phả Lại 2,Coal,Operating,2023,2001–2002,Hải Dương,600.0,HIGH,"EVN Annual Report 2022; PDP VII Revised (Decision 428/QD-TTg, 2016)",GEM Global Coal Plant Tracker 2023,BOT project originally; transferred to EVN/PPC. Gross/net unspecified.
Nhiệt điện Uông Bí,Coal,Operating,2023,1963–1974,Quảng Ninh,220.0,HIGH,"EVN Annual Report 2022; PDP VII Revised (Decision 428/QD-TTg, 2016)",GEM Global Coal Plant Tracker 2023,Oldest operating coal plant; original Soviet-era units; capacity figure reflects post-rehabilitation nameplate. Gross/net unspecified.
Nhiệt điện Uông Bí mở rộng 1,Coal,Operating,2023,2010,Quảng Ninh,300.0,HIGH,"EVN Annual Report 2022; PDP VII Revised (Decision 428/QD-TTg, 2016)",GEM Global Coal Plant Tracker 2023,Gross/net unspecified.
Nhiệt điện Uông Bí mở rộng 2,Coal,Operating,2023,2016,Quảng Ninh,330.0,HIGH,"EVN Annual Report 2022; PDP VII Revised (Decision 428/QD-TTg, 2016)",GEM Global Coal Plant Tracker 2023,Gross/net unspecified.
Nhiệt điện Ninh Bình,Coal,Operating,2023,1974–1976,Ninh Bình,400.0,HIGH,"EVN Annual Report 2022; PDP VII Revised (Decision 428/QD-TTg, 2016)",GEM Global Coal Plant Tracker 2023,Soviet-era plant; rehabilitated. Gross/net unspecified.
Nhiệt điện Cao Ngạn,Coal,Operating,2023,2010,Thái Nguyên,230.0,HIGH,"PDP VII Revised (Decision 428/QD-TTg, 2016); GEM Global Coal Plant Tracker 2023",EVN Annual Report 2022,Owned by Vinacomin subsidiary. Gross/net unspecified.
Nhiệt điện Na Dương,Coal,Operating,2023,2004,Lạng Sơn,110.0,HIGH,"PDP VII Revised (Decision 428/QD-TTg, 2016); GEM Global Coal Plant Tracker 2023",EVN Annual Report 2022,Mine-mouth plant using local lignite. Gross/net unspecified.
Nhiệt điện Na Dương 2,Coal,Shelved,2023,—,Lạng Sơn,220.0,LOW,"PDP VII Revised (Decision 428/QD-TTg, 2016)",Not found,Included in PDP VII Rev; no confirmed construction start as of knowledge cutoff; status uncertain. Gross/net unspecified.
Nhiệt điện Quảng Ninh 1,Coal,Operating,2023,2011,Quảng Ninh,600.0,HIGH,"EVN Annual Report 2022; PDP VII Revised (Decision 428/QD-TTg, 2016)",GEM Global Coal Plant Tracker 2023,Gross/net unspecified.
Nhiệt điện Quảng Ninh 2,Coal,Operating,2023,2013,Quảng Ninh,600.0,HIGH,"EVN Annual Report 2022; PDP VII Revised (Decision 428/QD-TTg, 2016)",GEM Global Coal Plant Tracker 2023,Gross/net unspecified.
Nhiệt điện Hải Phòng 1,Coal,Operating,2023,2011–2012,Hải Phòng,600.0,HIGH,"EVN Annual Report 2022; PDP VII Revised (Decision 428/QD-TTg, 2016)",GEM Global Coal Plant Tracker 2023,Gross/net unspecified.
Nhiệt điện Hải Phòng 2,Coal,Operating,2023,2013–2014,Hải Phòng,600.0,HIGH,"EVN Annual Report 2022; PDP VII Revised (Decision 428/QD-TTg, 2016)",GEM Global Coal Plant Tracker 2023,Gross/net unspecified.
Nhiệt điện Mông Dương 1,Coal,Operating,2023,2015,Quảng Ninh,1000.0,HIGH,"EVN Annual Report 2022; PDP VII Revised (Decision 428/QD-TTg, 2016)",GEM Global Coal Plant Tracker 2023,Gross/net unspecified.
Nhiệt điện Mông Dương 2,Coal,Operating,2023,2015,Quảng Ninh,1200.0,HIGH,"EVN Annual Report 2022; PDP VII Revised (Decision 428/QD-TTg, 2016)",GEM Global Coal Plant Tracker 2023,BOT project; AES-led consortium. Gross/net unspecified.
Nhiệt điện Vũng Áng 1,Coal,Operating,2023,2015–2016,Hà Tĩnh,1200.0,HIGH,"EVN Annual Report 2022; PDP VII Revised (Decision 428/QD-TTg, 2016)",GEM Global Coal Plant Tracker 2023,Gross/net unspecified.
Nhiệt điện Vũng Áng 2,Coal,Construction,2023,~2025–2026,Hà Tĩnh,1200.0,MEDIUM,"PDP VIII (Decision 500/QD-TTg, 2023); GEM Global Coal Plant Tracker 2023",Not found,Japanese-led BOT; financing and construction ongoing as of 2023; COD repeatedly delayed. See note.
Nhiệt điện Duyên Hải 1,Coal,Operating,2023,2015–2016,Trà Vinh,1244.0,HIGH,"EVN Annual Report 2022; PDP VII Revised (Decision 428/QD-TTg, 2016)",GEM Global Coal Plant Tracker 2023,Gross/net unspecified; capacity sometimes cited as 2 × 600 MW.
Nhiệt điện Duyên Hải 2,Coal,Operating,2023,2016,Trà Vinh,228.0,MEDIUM,"PDP VII Revised (Decision 428/QD-TTg, 2016); GEM Global Coal Plant Tracker 2023",Not found,Smaller unit at same site; capacity figure from PDP VII Rev. Gross/net unspecified.
Nhiệt điện Duyên Hải 3,Coal,Operating,2023,2018–2019,Trà Vinh,1244.0,HIGH,"EVN Annual Report 2022; PDP VII Revised (Decision 428/QD-TTg, 2016)",GEM Global Coal Plant Tracker 2023,Gross/net unspecified.
Nhiệt điện Duyên Hải 3 mở rộng,Coal,Operating,2023,2020,Trà Vinh,688.0,HIGH,EVN Annual Report 2022; GEM Global Coal Plant Tracker 2023,"PDP VII Revised (Decision 428/QD-TTg, 2016)",Gross/net unspecified.
Nhiệt điện Vĩnh Tân 1,Coal,Operating,2023,2018–2019,Bình Thuận,1200.0,HIGH,"EVN Annual Report 2022; PDP VII Revised (Decision 428/QD-TTg, 2016)",GEM Global Coal Plant Tracker 2023,Chinese-invested BOT. Gross/net unspecified.
Nhiệt điện Vĩnh Tân 2,Coal,Operating,2023,2014–2015,Bình Thuận,1244.0,HIGH,"EVN Annual Report 2022; PDP VII Revised (Decision 428/QD-TTg, 2016)",GEM Global Coal Plant Tracker 2023,Gross/net unspecified.
Nhiệt điện Vĩnh Tân 4,Coal,Operating,2023,2018–2019,Bình Thuận,1200.0,HIGH,"EVN Annual Report 2022; PDP VII Revised (Decision 428/QD-TTg, 2016)",GEM Global Coal Plant Tracker 2023,Gross/net unspecified.
Nhiệt điện Vĩnh Tân 4 mở rộng,Coal,Operating,2023,2021,Bình Thuận,600.0,HIGH,EVN Annual Report 2022; GEM Global Coal Plant Tracker 2023,"PDP VIII (Decision 500/QD-TTg, 2023)",Gross/net unspecified.
Nhiệt điện Vĩnh Tân 3,Coal,Shelved,2023,—,Bình Thuận,1320.0,LOW,"PDP VII Revised (Decision 428/QD-TTg, 2016); GEM Global Coal Plant Tracker 2023",Not found,Korean BOT; financing difficulties; not confirmed in PDP VIII as proceeding. See note.
Nhiệt điện Duyên Hải 4,Coal,Cancelled,2023,—,Trà Vinh,1200.0,LOW,"PDP VIII (Decision 500/QD-TTg, 2023)",GEM Global Coal Plant Tracker 2023,Removed from PDP VIII; treated as cancelled. See note.
Nhiệt điện Sông Hậu 1,Coal,Operating,2023,2022–2023,Hậu Giang,1200.0,HIGH,"PDP VIII (Decision 500/QD-TTg, 2023); GEM Global Coal Plant Tracker 2023",EVN Annual Report 2022,"Long-delayed; Unit 1 commissioned ~2022, Unit 2 ~2023. Gross/net unspecified. See note."
Nhiệt điện Sông Hậu 2,Coal,Shelved,2023,—,Hậu Giang,1200.0,LOW,"PDP VII Revised (Decision 428/QD-TTg, 2016); GEM Global Coal Plant Tracker 2023",Not found,Japanese BOT; financing stalled; not confirmed in PDP VIII as proceeding. See note.
Nhiệt điện Long Phú 1,Coal,Construction,2023,~2025–2026,Sóc Trăng,1200.0,MEDIUM,"PDP VIII (Decision 500/QD-TTg, 2023); GEM Global Coal Plant Tracker 2023",Not found,Severely delayed; Russian contractor (Power Machines) sanctioned; EPC contract in dispute. See note.
Nhiệt điện Long Phú 2,Coal,Shelved,2023,—,Sóc Trăng,1200.0,LOW,"PDP VII Revised (Decision 428/QD-TTg, 2016); GEM Global Coal Plant Tracker 2023",Not found,Korean BOT; no confirmed progress; not in PDP VIII as active. See note.
Nhiệt điện Long Phú 3,Coal,Cancelled,2023,—,Sóc Trăng,1200.0,LOW,"PDP VIII (Decision 500/QD-TTg, 2023)",GEM Global Coal Plant Tracker 2023,Dropped from PDP VIII.
Nhiệt điện Quảng Trạch 1,Coal,Construction,2023,~2025–2026,Quảng Bình,1200.0,MEDIUM,"PDP VIII (Decision 500/QD-TTg, 2023); GEM Global Coal Plant Tracker 2023",Not found,Under construction; COD estimates vary. Gross/net unspecified. See note.
Nhiệt điện Quảng Trạch 2,Coal,Announced,2023,~2030,Quảng Bình,1200.0,MEDIUM,"PDP VIII (Decision 500/QD-TTg, 2023)",Not found,Included in PDP VIII; pre-construction.
Nhiệt điện Nam Định 1,Coal,Construction,2023,~2025–2026,Nam Định,1200.0,MEDIUM,"PDP VIII (Decision 500/QD-TTg, 2023); GEM Global Coal Plant Tracker 2023",Not found,Korean BOT; construction reported underway. See note.
Nhiệt điện Thái Bình 1,Coal,Operating,2023,2015–2016,Thái Bình,600.0,HIGH,"EVN Annual Report 2022; PDP VII Revised (Decision 428/QD-TTg, 2016)",GEM Global Coal Plant Tracker 2023,Gross/net unspecified.
Nhiệt điện Thái Bình 2,Coal,Operating,2023,2022–2023,Thái Bình,1200.0,HIGH,"PDP VIII (Decision 500/QD-TTg, 2023); GEM Global Coal Plant Tracker 2023",EVN Annual Report 2022,Severely delayed; originally planned ~2017; commissioned 2022–2023. See note.
Nhiệt điện Nghi Sơn 1,Coal,Operating,2023,2013–2014,Thanh Hóa,600.0,HIGH,"EVN Annual Report 2022; PDP VII Revised (Decision 428/QD-TTg, 2016)",GEM Global Coal Plant Tracker 2023,Gross/net unspecified.
Nhiệt điện Nghi Sơn 2,Coal,Operating,2023,2021–2022,Thanh Hóa,1200.0,HIGH,EVN Annual Report 2022; GEM Global Coal Plant Tracker 2023,"PDP VIII (Decision 500/QD-TTg, 2023)",Japanese-Korean BOT. Gross/net unspecified.
Nhiệt điện Hải Dương,Coal,Operating,2023,2020–2021,Hải Dương,1200.0,MEDIUM,"PDP VII Revised (Decision 428/QD-TTg, 2016); GEM Global Coal Plant Tracker 2023",Not found,Private BOT; ownership structure complex. See note.
Nhiệt điện Vân Phong 1,Coal,Construction,2023,~2025–2026,Khánh Hòa,1320.0,MEDIUM,"PDP VIII (Decision 500/QD-TTg, 2023); GEM Global Coal Plant Tracker 2023",Not found,Japanese BOT; construction underway. See note.
Nhiệt điện Vân Phong 2,Coal,Shelved,2023,—,Khánh Hòa,1320.0,LOW,"PDP VII Revised (Decision 428/QD-TTg, 2016)",Not found,Not confirmed in PDP VIII; treated as shelved.
Nhiệt điện Quảng Trị,Coal,Shelved,2023,—,Quảng Trị,1320.0,LOW,"PDP VII Revised (Decision 428/QD-TTg, 2016)",Not found,Not confirmed in PDP VIII; treated as shelved.
Nhiệt điện Cẩm Phả 1,Coal,Operating,2023,2010,Quảng Ninh,350.0,HIGH,"EVN Annual Report 2022; PDP VII Revised (Decision 428/QD-TTg, 2016)",GEM Global Coal Plant Tracker 2023,Gross/net unspecified.
Nhiệt điện Cẩm Phả 2,Coal,Operating,2023,2012,Quảng Ninh,350.0,HIGH,"EVN Annual Report 2022; PDP VII Revised (Decision 428/QD-TTg, 2016)",GEM Global Coal Plant Tracker 2023,Gross/net unspecified.
Nhiệt điện Cẩm Phả 3,Coal,Shelved,2023,—,Quảng Ninh,220.0,LOW,"PDP VII Revised (Decision 428/QD-TTg, 2016)",Not found,Not confirmed in PDP VIII; treated as shelved.
Nhiệt điện An Khánh,Coal,Operating,2023,2014–2015,Thái Nguyên,300.0,MEDIUM,"PDP VII Revised (Decision 428/QD-TTg, 2016); GEM Global Coal Plant Tracker 2023",Not found,Gross/net unspecified.
Nhiệt điện An Khánh mở rộng,Coal,Shelved,2023,—,Thái Nguyên,150.0,LOW,"PDP VII Revised (Decision 428/QD-TTg, 2016)",Not found,Not confirmed in PDP VIII.
Nhiệt điện Nông Sơn,Coal,Operating,2023,2013,Quảng Nam,30.0,LOW,"PDP VII Revised (Decision 428/QD-TTg, 2016)",Not found,At threshold of 30 MWe scope; mine-mouth plant. Gross/net unspecified.
Nhiệt điện Mạo Khê,Coal,Operating,2023,2012,Quảng Ninh,220.0,HIGH,"EVN Annual Report 2022; PDP VII Revised (Decision 428/QD-TTg, 2016)",GEM Global Coal Plant Tracker 2023,Gross/net unspecified.
Nhiệt điện Cần Thơ,Domestic gas,Operating,2023,2008–2009,Cần Thơ,300.0,HIGH,"EVN Annual Report 2022; PDP VII Revised (Decision 428/QD-TTg, 2016)",Not found,Gas from Cửu Long basin. Gross/net unspecified.
Nhiệt điện Ô Môn 1,Domestic gas,Operating,2023,2009,Cần Thơ,330.0,HIGH,"EVN Annual Report 2022; PDP VII Revised (Decision 428/QD-TTg, 2016)",GEM Global Coal Plant Tracker 2023,Gas from PM3-CAA field. Gross/net unspecified.
Nhiệt điện Ô Môn 2,Domestic gas,Announced,2023,~2027–2028,Cần Thơ,750.0,MEDIUM,"PDP VIII (Decision 500/QD-TTg, 2023)",Not found,Planned CCGT; gas supply from Block B field contingent on FID. See note.
Nhiệt điện Ô Môn 3,Domestic gas,Announced,2023,~2028–2029,Cần Thơ,750.0,MEDIUM,"PDP VIII (Decision 500/QD-TTg, 2023)",Not found,Planned CCGT; gas supply from Block B field contingent on FID. See note.
Nhiệt điện Ô Môn 4,Domestic gas,Announced,2023,~2029–2030,Cần Thơ,750.0,MEDIUM,"PDP VIII (Decision 500/QD-TTg, 2023)",Not found,Japanese involvement reported; gas supply contingent. See note.
Nhiệt điện Nhơn Trạch 1,Domestic gas,Operating,2023,2009,Đồng Nai,450.0,HIGH,"EVN Annual Report 2022; PDP VII Revised (Decision 428/QD-TTg, 2016)",Not found,Gas from Nam Côn Sơn pipeline. Gross/net unspecified.
Nhiệt điện Nhơn Trạch 2,Domestic gas,Operating,2023,2011,Đồng Nai,750.0,HIGH,"EVN Annual Report 2022; PDP VII Revised (Decision 428/QD-TTg, 2016)",Not found,Gas from Nam Côn Sơn pipeline. Gross/net unspecified.
Nhiệt điện Nhơn Trạch 3,Imported LNG,Construction,2023,~2024–2025,Đồng Nai,750.0,MEDIUM,"PDP VIII (Decision 500/QD-TTg, 2023); GEM Global Coal Plant Tracker 2023",Not found,First LNG-to-power project in Vietnam; construction underway. See note.
Nhiệt điện Nhơn Trạch 4,Imported LNG,Construction,2023,~2025,Đồng Nai,750.0,MEDIUM,"PDP VIII (Decision 500/QD-TTg, 2023); GEM Global Coal Plant Tracker 2023",Not found,Paired with NT3; same LNG terminal. See note.
Nhiệt điện Phú Mỹ 1,Domestic gas,Operating,2023,2002,Bà Rịa–Vũng Tàu,1090.0,HIGH,"EVN Annual Report 2022; PDP VII Revised (Decision 428/QD-TTg, 2016)",Not found,Gas from Nam Côn Sơn pipeline. Gross/net unspecified.
Nhiệt điện Phú Mỹ 2.1,Domestic gas,Operating,2023,2003,Bà Rịa–Vũng Tàu,586.0,HIGH,"EVN Annual Report 2022; PDP VII Revised (Decision 428/QD-TTg, 2016)",Not found,Gross/net unspecified.
Nhiệt điện Phú Mỹ 2.1 mở rộng,Domestic gas,Operating,2023,2005,Bà Rịa–Vũng Tàu,433.0,MEDIUM,"PDP VII Revised (Decision 428/QD-TTg, 2016)",Not found,Gross/net unspecified.
Nhiệt điện Phú Mỹ 2.2,Domestic gas,Operating,2023,2005,Bà Rịa–Vũng Tàu,715.0,HIGH,"EVN Annual Report 2022; PDP VII Revised (Decision 428/QD-TTg, 2016)",Not found,Originally BOT; transferred to EVN. Gross/net unspecified.
Nhiệt điện Phú Mỹ 3,Domestic gas,Operating,2023,2004,Bà Rịa–Vũng Tàu,716.0,HIGH,"EVN Annual Report 2022; PDP VII Revised (Decision 428/QD-TTg, 2016)",Not found,Originally BOT; transferred to EVN. Gross/net unspecified.
Nhiệt điện Phú Mỹ 4,Domestic gas,Operating,2023,2005,Bà Rịa–Vũng Tàu,469.0,HIGH,"EVN Annual Report 2022; PDP VII Revised (Decision 428/QD-TTg, 2016)",Not found,Originally BOT; transferred to EVN. Gross/net unspecified.
Nhiệt điện Bà Rịa,Domestic gas,Operating,2023,1996–2000,Bà Rịa–Vũng Tàu,300.0,HIGH,"EVN Annual Report 2022; PDP VII Revised (Decision 428/QD-TTg, 2016)",Not found,Older OCGT units; gas from Cửu Long basin. Gross/net unspecified.
Nhiệt điện Thủ Đức,Domestic gas,Operating,2023,1996,TP. Hồ Chí Minh,132.0,MEDIUM,"PDP VII Revised (Decision 428/QD-TTg, 2016)",Not found,Older OCGT; capacity may be derated. Gross/net unspecified.
Nhiệt điện Hiệp Phước,Domestic gas,Operating,2023,2012–2013,TP. Hồ Chí Minh,750.0,MEDIUM,"PDP VII Revised (Decision 428/QD-TTg, 2016); GEM Global Coal Plant Tracker 2023",Not found,Private IPP; gas from PM3-CAA. Gross/net unspecified.
Nhiệt điện Cà Mau 1,Domestic gas,Operating,2023,2008,Cà Mau,750.0,HIGH,"EVN Annual Report 2022; PDP VII Revised (Decision 428/QD-TTg, 2016)",Not found,Gas from PM3-CAA field. Gross/net unspecified.
Nhiệt điện Cà Mau 2,Domestic gas,Operating,2023,2008,Cà Mau,750.0,HIGH,"EVN Annual Report 2022; PDP VII Revised (Decision 428/QD-TTg, 2016)",Not found,Gas from PM3-CAA field. Gross/net unspecified.
Nhiệt điện Gia Lai,Domestic gas,Operating,2023,2010,Gia Lai,150.0,LOW,"PDP VII Revised (Decision 428/QD-TTg, 2016)",Not found,Capacity and status uncertain; single source. Gross/net unspecified.
Nhiệt điện Bình Dương,Domestic gas,Operating,2023,2010,Bình Dương,300.0,MEDIUM,"PDP VII Revised (Decision 428/QD-TTg, 2016)",Not found,Gross/net unspecified.
Nhiệt điện Vũng Tàu,Domestic gas,Operating,2023,2000,Bà Rịa–Vũng Tàu,150.0,LOW,"PDP VII Revised (Decision 428/QD-TTg, 2016)",Not found,Capacity and status uncertain; single source. Gross/net unspecified.
Nhiệt điện Hiệp Phước 2,Imported LNG,Announced,2023,~2030,TP. Hồ Chí Minh,750.0,LOW,"PDP VIII (Decision 500/QD-TTg, 2023)",Not found,LNG-to-power; pre-permit stage.
Nhiệt điện Sơn Mỹ 1,Imported LNG,Announced,2023,~2027–2028,Bình Thuận,1500.0,MEDIUM,"PDP VIII (Decision 500/QD-TTg, 2023)",Not found,LNG-to-power; AES-led; gas supply and financing under negotiation. See note.
Nhiệt điện Sơn Mỹ 2,Imported LNG,Announced,2023,~2028–2030,Bình Thuận,1500.0,LOW,"PDP VIII (Decision 500/QD-TTg, 2023)",Not found,LNG-to-power; developer not confirmed.
Nhiệt điện Quảng Ninh LNG,Imported LNG,Announced,2023,~2030,Quảng Ninh,1500.0,LOW,"PDP VIII (Decision 500/QD-TTg, 2023)",Not found,LNG-to-power; developer not confirmed.
Nhiệt điện Hải Lăng,Imported LNG,Announced,2023,~2030,Quảng Trị,1500.0,LOW,"PDP VIII (Decision 500/QD-TTg, 2023)",Not found,LNG-to-power; developer reported but not confirmed by primary source.
Nhiệt điện Cà Ná,Imported LNG,Announced,2023,~2030,Ninh Thuận,1500.0,LOW,"PDP VIII (Decision 500/QD-TTg, 2023)",Not found,LNG-to-power; developer not confirmed.
Nhiệt điện Long Sơn,Imported LNG,Announced,2023,~2030,Bà Rịa–Vũng Tàu,1500.0,LOW,"PDP VIII (Decision 500/QD-TTg, 2023)",Not found,LNG-to-power; developer not confirmed.
Nhiệt điện Bạc Liêu,Imported LNG,Announced,2023,~2030,Bạc Liêu,1500.0,LOW,"PDP VIII (Decision 500/QD-TTg, 2023)",Not found,LNG-to-power; Singapore-based developer; financing not confirmed.
Nhiệt điện Thái Bình,Imported LNG,Announced,2023,~2030,Thái Bình,1500.0,LOW,"PDP VIII (Decision 500/QD-TTg, 2023)",Not found,LNG-to-power; developer not confirmed; distinct from Thai Binh 1 & 2 coal plants.
Nhiệt điện Nghi Sơn LNG,Imported LNG,Announced,2023,~2030,Thanh Hóa,1500.0,LOW,"PDP VIII (Decision 500/QD-TTg, 2023)",Not found,LNG-to-power; developer not confirmed.
Nhiệt điện Quảng Bình LNG,Imported LNG,Announced,2023,~2030,Quảng Bình,1500.0,LOW,"PDP VIII (Decision 500/QD-TTg, 2023)",Not found,LNG-to-power; developer not confirmed.
Nhiệt điện Dung Quất 1,Coal,Shelved,2023,—,Quảng Ngãi,1200.0,LOW,"PDP VII Revised (Decision 428/QD-TTg, 2016)",Not found,Not confirmed in PDP VIII; treated as shelved.
Nhiệt điện Dung Quất 2,Coal,Shelved,2023,—,Quảng Ngãi,1200.0,LOW,"PDP VII Revised (Decision 428/QD-TTg, 2016)",Not found,Not confirmed in PDP VIII; treated as shelved.
Nhiệt điện Quảng Trạch 3,Coal,Announced,2023,~2030+,Quảng Bình,1200.0,LOW,"PDP VIII (Decision 500/QD-TTg, 2023)",Not found,Included in PDP VIII long-term plan; pre-permit.
Nhiệt điện Quảng Trạch 4,Coal,Announced,2023,~2030+,Quảng Bình,1200.0,LOW,"PDP VIII (Decision 500/QD-TTg, 2023)",Not found,Included in PDP VIII long-term plan; pre-permit.
Nhiệt điện Vĩnh Tân 5,Coal,Shelved,2023,—,Bình Thuận,1320.0,LOW,"PDP VII Revised (Decision 428/QD-TTg, 2016)",Not found,Not confirmed in PDP VIII; treated as shelved.
Nhiệt điện Vĩnh Tân 6,Coal,Shelved,2023,—,Bình Thuận,1320.0,LOW,"PDP VII Revised (Decision 428/QD-TTg, 2016)",Not found,Not confirmed in PDP VIII; treated as shelved.
Nhiệt điện Kiên Lương 1,Coal,Cancelled,2023,—,Kiên Giang,1200.0,LOW,"PDP VII Revised (Decision 428/QD-TTg, 2016); GEM Global Coal Plant Tracker 2023",Not found,Indian BOT; Tata Power withdrew; not in PDP VIII. See note.
Nhiệt điện Kiên Lương 2,Coal,Cancelled,2023,—,Kiên Giang,1200.0,LOW,"PDP VII Revised (Decision 428/QD-TTg, 2016)",Not found,Not in PDP VIII; treated as cancelled.
Nhiệt điện Kiên Lương 3,Coal,Cancelled,2023,—,Kiên Giang,1200.0,LOW,"PDP VII Revised (Decision 428/QD-TTg, 2016)",Not found,Not in PDP VIII; treated as cancelled.
Nhiệt điện Hậu Giang,Coal,Shelved,2023,—,Hậu Giang,1200.0,LOW,"PDP VII Revised (Decision 428/QD-TTg, 2016)",Not found,Not confirmed in PDP VIII; treated as shelved.
Nhiệt điện Tân Phước,Coal,Shelved,2023,—,Tiền Giang,1200.0,LOW,"PDP VII Revised (Decision 428/QD-TTg, 2016)",Not found,Not confirmed in PDP VIII; treated as shelved.
Nhiệt điện Bình Phước,Coal,Shelved,2023,—,Bình Phước,1200.0,LOW,"PDP VII Revised (Decision 428/QD-TTg, 2016)",Not found,Not confirmed in PDP VIII; treated as shelved.
Nhiệt điện Quảng Trị 2,Coal,Shelved,2023,—,Quảng Trị,1200.0,LOW,"PDP VII Revised (Decision 428/QD-TTg, 2016)",Not found,Not confirmed in PDP VIII; treated as shelved.
Nhiệt điện Hòa Phát Dung Quất,Coal,Operating,2023,2019–2020,Quảng Ngãi,600.0,MEDIUM,GEM Global Coal Plant Tracker 2023,Not found,Captive power for Hoa Phat steel complex; not dispatched to grid. Gross/net unspecified.
Nhiệt điện Formosa Hà Tĩnh,Coal,Operating,2023,2017–2018,Hà Tĩnh,600.0,MEDIUM,GEM Global Coal Plant Tracker 2023,Not found,Captive power for Formosa steel complex; partial grid export. Gross/net unspecified.
Nhiệt điện Hải Phòng 3,Coal,Shelved,2023,—,Hải Phòng,1200.0,LOW,"PDP VII Revised (Decision 428/QD-TTg, 2016)",Not found,Not confirmed in PDP VIII; treated as shelved.
Nhiệt điện Quảng Ninh 3,Coal,Shelved,2023,—,Quảng Ninh,1200.0,LOW,"PDP VII Revised (Decision 428/QD-TTg, 2016)",Not found,Not confirmed in PDP VIII; treated as shelved.
Nhiệt điện Quảng Ninh 4,Coal,Shelved,2023,—,Quảng Ninh,1200.0,LOW,"PDP VII Revised (Decision 428/QD-TTg, 2016)",Not found,Not confirmed in PDP VIII; treated as shelved.
Nhiệt điện Thăng Long,Coal,Shelved,2023,—,Quảng Ninh,1200.0,LOW,"PDP VII Revised (Decision 428/QD-TTg, 2016)",Not found,Not confirmed in PDP VIII; treated as shelved.
Nhiệt điện Hải Phòng LNG,Imported LNG,Announced,2023,~2030,Hải Phòng,1500.0,LOW,"PDP VIII (Decision 500/QD-TTg, 2023)",Not found,LNG-to-power; developer not confirmed.
Nhiệt điện Đà Nẵng LNG,Imported LNG,Announced,2023,~2030,Đà Nẵng,1500.0,LOW,"PDP VIII (Decision 500/QD-TTg, 2023)",Not found,LNG-to-power; developer not confirmed.
Nhiệt điện Cần Thơ LNG,Imported LNG,Announced,2023,~2030,Cần Thơ,1500.0,LOW,"PDP VIII (Decision 500/QD-TTg, 2023)",Not found,LNG-to-power; developer not confirmed.
